43388321209941149759420236104888244958223766953174235657296806338137402595305
43388321209941149759420236104888244958223766953174235657296806338137402595305
43388321209941149759420236104888244958223766953174235657296806338137402595305
43388321209941149759420236104888244958223766953174235657296806338137402595305
43388321209941149759420236104888244958223766953174235657296806338137402595305
43388321209941149759420236104888244958223766953174235657296806338137402595305
43388321209941149759420236104888244958223766953174235657296806338137402595305
56983236054433954743735654622217342797981319607130809808319403212621838619720
101370355345065265591900616567937977509556847378232681716026005734320789631357
75259083177161215159838992602154463492096883757285934471270091363073161969391
